4294967279,285
4294967278,522
4294967279,265
4294967278,262
4294967279,371
4294967278,261
4294967279,263
4294967278,259
4294967279,370
4294967278,284
4294967279,284
4294967278,283
4294967278,560
4294967279,258
4294967278,521
4294967279,369
4294967278,559
4294967279,331
4294967278,519
4294967279,330
4294967278,558
4294967279,329
4294967278,517
4294967279,328
4294967278,255
4294967278,514
4294967279,325
4294967278,253
4294967279,252
4294967278,557
4294967279,250
4294967278,250
4294967278,260
4294967278,16
4294967278,12
4294967278,10
4294967278,9
4294967279,132
4294967279,131
4294967279,130
4294967279,129
4294967279,128
4294967279,127
4294967279,126
4294967279,125
4294967279,124
4294967279,123
4294967279,174
4294967279,248
4294967279,119
4294967279,247
4294967278,245
4294967279,117
4294967294,395
4294967294,396
4294967294,385
4294967294,407
4294967294,421
4294967294,179
4294967294,178
4294967294,465
4294967294,468
4294967294,463
4294967294,455
4294967294,416
4294967294,451
4294967278,241
4294967278,238
4294967278,239
4294967278,237
4294967278,236
4294967278,319
4294967279,236
4294967279,368
4294967278,234
4294967279,234
4294967278,230
4294967278,224
45,6
4294967278,228
45,5
45,4
4294967278,226
45,3
45,2
45,1
4294967278,223
4294967294,190
4294967294,906
4294967294,961
4294967279,218
4294967278,216
4294967294,474
4294967278,214
4294967278,215
4294967278,212
4294967279,213
4294967278,209
4294967278,211
4294967278,210
4294967278,556
4294967278,208
4294967278,207
4294967279,367
4294967278,206
4294967294,470
4294967294,968
4294967278,205
4294967278,555
4294967279,320
4294967278,554
4294967279,366
4294967278,553
4294967278,201
4294967279,365
4294967278,200
4294967278,314
4294967278,199
4294967278,198
4294967278,195
4294967278,197
42,5
4294967279,198
42,4
4294967278,196
42,3
42,2
42,1
4294967278,312
4294967279,197
4294967278,194
4294967279,195
4294967278,193
4294967279,194
4294967279,313
4294967278,192
4294967279,193
4294967278,191
4294967294,392
4294967294,114
4294967278,190
4294967278,307
4294967279,312
4294967279,311
40,6
4294967278,186
4294967279,310
4294967278,304
4294967278,303
40,5
4294967279,186
4294967278,184
40,4
4294967279,185
40,3
40,2
40,1
4294967279,306
4294967279,184
4294967278,182
4294967294,120
4294967278,181
4294967278,300
4294967279,304
4294967279,364
4294967278,180
39,5
4294967278,178
39,4
39,3
39,2
39,1
4294967278,552
4294967279,178
4294967278,176
4294967279,363
4294967278,551
4294967294,430
4294967278,173
38,4
38,3
38,2
38,1
4294967278,171
4294967279,172
4294967278,170
4294967294,389
4294967279,169
4294967278,169
4294967278,298
4294967279,301
37,5
4294967279,168
4294967279,167
37,4
4294967278,165
37,3
37,2
37,1
4294967278,282
4294967279,166
4294967279,163
4294967278,161
36,4
4294967279,162
36,3
36,2
36,1
4294967279,362
4294967279,161
4294967278,550
4294967294,469
4294967294,473
4294967294,426
4294967294,956
4294967279,361
4294967279,260
4294967279,297
4294967279,360
4294967278,549
4294967279,157
4294967294,916
4294967294,920
4294967294,913
4294967278,548
4294967294,45
4294967294,115
4294967294,40
4294967294,38
4294967294,37
4294967279,359
4294967294,107
4294967294,50
4294967294,90
4294967294,87
4294967294,86
4294967294,84
4294967294,150
4294967294,957
4294967294,954
4294967294,419
4294967294,44
4294967279,296
4294967279,152
4294967294,8
4294967278,547
4294967278,151
4294967279,151
4294967279,149
4294967294,68
4294967294,11
4294967294,92
4294967278,292
4294967279,147
4294967279,293
4294967278,546
4294967279,145
4294967278,36
4294967278,35
4294967278,34
4294967278,33
4294967278,32
4294967278,31
4294967278,30
4294967278,29
4294967278,28
4294967278,27
4294967278,26
4294967278,25
4294967278,24
4294967278,23
4294967278,22
4294967278,21
4294967278,20
4294967279,24
4294967279,23
4294967279,22
4294967279,19
4294967279,18
4294967279,17
4294967279,15
4294967279,14
4294967279,13
4294967279,11
4294967279,358
4294967279,143
4294967278,142
4294967279,357
4294967279,141
4294967294,99
4294967294,76
4294967294,41
4294967294,43
4294967294,417
4294967294,52
4294967294,971
4294967294,82
4294967294,1355
4294967278,132
4294967278,131
4294967278,130
4294967278,129
4294967278,128
4294967278,127
4294967278,126
4294967278,125
4294967278,124
4294967278,123
4294967278,122
4294967278,121
4294967278,120
4294967278,119
4294967278,118
4294967278,117
4294967278,116
4294967278,115
4294967278,114
4294967278,113
4294967278,112
4294967278,111
4294967278,110
4294967278,109
4294967278,108
4294967278,107
4294967278,106
4294967278,105
4294967278,104
4294967278,103
4294967278,102
4294967278,101
4294967278,100
4294967278,99
4294967278,98
4294967278,97
4294967278,96
4294967278,95
4294967278,94
4294967278,93
4294967278,92
4294967278,91
4294967278,90
4294967278,89
4294967278,87
4294967278,86
4294967278,85
4294967278,84
4294967278,83
4294967278,82
4294967278,81
4294967278,80
